-37 4 53
-37 4 52
-37 4 52
-36 4 52
-36 4 52
-37 4 52
-37 4 53
-37 4 54
-37 4 53
-37 4 53
-37 4 52
-37 4 53
-36 4 54
-36 4 52
-37 4 51
-37 4 52
-36 4 52
-35 4 53
-36 3 52
-37 3 51
-36 4 53
-36 4 54
-36 3 54
-37 3 54
-37 4 52
-37 4 52
-37 3 52
-37 4 52
-37 4 53
-37 3 55
-36 3 54
-36 3 51
-36 4 51
-36 4 51
-36 3 51
-36 3 51
-37 3 52
-37 3 53
-36 3 55
-36 4 55
-37 3 53
-37 3 52
-36 3 52
-36 3 52
-36 3 52
-36 4 53
-36 3 53
-37 3 54
-37 3 55
-38 4 55
-38 5 54
-38 4 53
-36 5 52
-36 5 50
-35 6 50
-35 7 52
-36 6 53
-38 7 53
-41 6 51
-42 8 50
-41 7 47
-39 8 43
-38 2 48
-34 4 54
-36 3 52
-35 5 48
-36 5 46
-35 7 46
-35 7 44
-38 8 43
-40 8 43
-42 9 46
-43 9 50
-44 10 51
-44 9 52
-44 9 56
-44 10 59
-43 10 61
-40 10 60
-35 6 55
-29 2 47
-25 0 42
-26 -3 41
-36 -2 49
-46 7 55
-52 15 61
-53 15 70
-50 14 75
-48 13 74
-43 9 68
-38 5 57
-35 1 46
-34 2 42
-37 3 37
-41 5 37
-45 6 41
-47 6 47
-53 6 54
-55 15 63
-56 20 70
-54 17 69
-47 15 63
-40 14 56
-35 12 47
-33 9 41
-32 9 39
-31 12 40
-33 15 42
-36 15 45
-38 15 48
-40 16 51
-22 -8 127
-58 15 0
-62 22 -4
-49 25 31
-47 3 59
-36 2 102
-43 8 54
-40 11 45
-43 4 41
-43 5 38
-35 6 53
-42 9 50
-40 13 52
-42 12 56
-40 24 66
-49 41 61
-50 33 77
-49 29 69
-47 23 63
-46 19 57
-36 17 56
-34 19 49
-32 27 47
-34 26 45
-32 25 42
-32 21 42
-22 18 41
-24 13 41
-32 13 40
-33 22 41
-14 59 64
-36 58 79
-48 49 78
-40 26 40
-32 -31 81
-18 -13 69
-33 -2 56
-31 15 59
-25 20 55
-23 22 56
-25 25 49
-23 24 47
-18 21 45
-14 21 45
-7 29 56
-6 37 63
12 33 85
2 46 76
-5 48 71
2 35 58
3 30 48
3 28 46
3 24 48
4 29 52
-1 33 47
-4 35 55
9 51 66
-4 47 35
-14 23 49
-23 24 54
-20 34 53
-23 29 47
-26 21 44
-24 17 80
-27 20 74
-31 27 66
-38 24 59
-41 21 55
-40 23 51
-39 33 49
-37 33 48
-31 37 47
-4 52 51
-15 37 35
-24 34 33
-37 28 30
-29 41 44
-35 50 37
-34 47 31
-25 46 23
-10 42 27
-4 50 27
-8 52 19
-10 42 19
-9 35 23
-12 33 30
-18 43 31
-18 51 38
-23 52 43
-24 50 48
-21 48 48
-18 48 46
-21 47 42
-26 47 38
-28 50 34
-25 51 28
-24 51 24
-21 51 23
-19 50 23
-19 51 19
-19 56 17
-21 55 18
-22 52 24
-26 54 27
-30 53 28
-36 52 25
-37 47 30
-33 53 36
-30 55 41
-33 46 42
-36 41 40
-31 47 39
-30 50 34
-31 51 34
-25 54 38
-33 46 26
-34 57 23
-31 59 25
-33 49 21
-34 49 23
-30 59 24
-23 58 29
-18 57 23
-24 61 7
-11 55 12
-20 47 10
-38 44 -2
-44 51 3
-38 51 14
-39 44 16
-5 73 39
-46 47 20
-43 32 8
-32 44 7
-33 47 10
-38 46 15
-30 50 11
-24 41 22
-27 58 12
-41 65 11
-40 59 1
-44 47 9
-34 59 7
-36 61 0
-23 65 5
-18 73 -6
-18 68 -6
-23 66 -13
-62 114 -25
-9 53 -16
-44 54 9
-54 51 1
-41 54 -8
-21 60 -19
-8 47 -19
-7 45 -16
-2 52 -5
-7 38 -11
-18 66 13
-45 74 7
-30 64 4
-40 76 0
-28 77 -3
-20 68 -17
-18 62 -27
-28 58 -30
2 51 0
-12 83 -15
-35 50 -89
-10 52 -48
-1 46 -42
-8 30 -43
-21 42 -37
-28 50 -32
-28 52 -31
-32 43 -33
-36 52 -36
-11 60 -36
6 64 -33
17 53 -31
5 62 -42
-1 71 -36
5 48 -26
4 34 -28
15 41 -32
34 28 -17
43 21 -16
19 41 -33
12 41 -49
4 46 -37
-4 54 -48
-1 52 -52
10 51 -53
22 44 -50
20 48 -39
12 47 -40
-14 27 -54
-8 56 -50
14 72 -36
12 65 -38
15 54 -36
18 40 -37
13 39 -44
17 44 -50
18 51 -18
14 59 -70
20 41 -36
21 34 -27
27 34 -22
17 44 -33
25 57 -34
21 50 -29
20 37 -44
28 36 -24
26 57 -33
27 55 -36
34 34 -13
29 27 2
22 36 15
16 37 14
48 82 20
40 31 25
40 33 14
38 53 -12
41 70 18
47 109 21
7 75 -1
-1 41 -7
68 83 1
51 83 -5
22 66 -23
29 65 -16
35 65 -4
42 80 1
36 74 -18
37 66 7
29 50 7
28 45 14
37 50 8
29 52 19
34 43 11
38 20 4
50 37 -27
101 36 127
41 44 0
27 47 -1
32 51 18
36 57 17
36 69 3
45 66 24
51 75 17
59 73 7
82 57 5
77 44 -3
59 20 7
47 52 -14
60 12 -15
14 -36 8
4 5 0
48 41 -19
50 40 -8
52 44 18
49 41 11
48 37 -4
56 40 5
45 60 3
47 21 3
55 16 13
60 7 37
53 23 19
65 31 44
64 22 8
59 24 31
67 22 38
-26 27 -128
60 -7 28
47 -6 -11
49 -4 -6
55 4 -11
82 11 46
79 15 21
55 47 -88
90 65 2
97 68 -29
87 41 38
66 30 46
47 3 65
46 1 43
48 13 18
52 16 -3
66 25 1
73 31 7
63 28 11
61 22 11
66 23 15
71 27 17
70 27 14
79 37 13
78 -17 29
72 -16 50
51 5 5
50 -8 43
-3 1 -58
87 127 21
35 71 -20
56 -3 32
59 -12 -14
55 10 23
42 28 26
48 40 17
42 31 10
45 40 -20
51 52 -40
54 33 -15
72 60 -12
56 30 0
49 21 13
43 24 13
50 33 7
36 -2 -90
-88 -32 -128
29 -10 -15
26 6 -50
37 62 -83
48 119 -3
65 31 -16
72 33 -21
65 46 -23
76 49 6
39 33 -14
43 55 -23
54 49 -17
55 37 -3
37 26 -15
55 48 3
51 37 7
41 15 11
40 11 -2
47 27 13
63 22 0
67 27 -17
57 29 -26
54 10 -18
64 10 -19
103 52 28
90 36 7
50 17 0
30 7 -29
33 -11 5
66 27 18
64 21 2
67 27 6
66 35 -4
66 31 -1
66 39 -8
70 37 0
63 24 4
58 24 15
48 25 19
49 24 14
55 9 10
62 21 8
53 25 -2
46 32 -15
61 35 -13
58 41 -24
56 38 -20
59 41 -22
68 27 -11
96 16 61
82 -26 -2
75 -20 15
66 14 13
66 0 -2
63 -18 7
56 -31 19
65 -9 15
61 10 18
7 9 -128
35 -6 -9
38 -12 33
27 -16 -2
-45 -30 -128
127 75 55
127 127 127
-86 88 -55
46 0 41
40 -10 47
51 -15 -41
67 24 -13
61 26 -46
74 2 -3
68 17 18
67 30 -33
101 36 111
81 36 47
75 48 21
63 44 -5
63 52 10
55 15 2
54 17 -7
65 25 27
64 32 9
58 38 6
55 35 0
56 34 -2
55 32 5
56 32 9
51 29 6
50 28 9
48 34 9
52 34 13
59 48 3
56 34 -3
56 28 -4
56 32 0
59 30 -6
59 32 -3
59 30 5
59 30 4
58 30 0
56 30 1
56 31 1
57 32 10
54 36 6
51 34 7
51 34 8
52 33 6
53 33 3
53 33 1
53 34 1
53 35 1
53 35 2
52 34 3
53 34 4
53 34 3
53 34 3
53 34 3
54 34 2
53 34 3
54 34 3
54 35 4
55 35 4
55 34 4
55 34 4
55 33 4
56 33 5
56 32 5
56 33 4
55 33 4
54 34 4
55 34 5
54 34 4
54 34 4
54 34 4
54 33 5
54 33 5
51 31 9
51 32 7
51 28 39
53 38 16
52 29 -59
63 33 -24
60 46 -6
52 40 8
50 33 15
52 32 9
56 28 18
52 33 20
54 35 1
57 34 -3
60 36 3
57 35 2
54 35 3
53 33 7
54 34 8
54 34 10
53 35 10
54 35 7
54 39 -6
54 39 -2
52 38 2
51 37 3
50 36 5
51 35 8
53 33 13
56 30 13
52 52 -3
52 24 11
57 47 -12
57 39 -3
51 39 10
52 30 36
49 26 42
53 14 34
58 4 17
72 3 47
58 30 19
58 69 16
51 59 1
41 55 -20
40 59 -19
47 48 -13
50 40 -6
51 39 5
49 40 6
49 41 10
49 38 15
50 40 4
51 41 3
51 43 2
50 41 6
50 39 6
50 37 8
51 37 9
52 37 7
52 39 5
51 38 5
51 38 6
52 38 6
52 38 7
52 38 6
52 38 5
52 39 5
52 38 5
52 39 5
52 39 3
51 39 4
51 40 3
51 40 4
50 41 3
49 41 4
48 42 3
48 43 4
47 43 4
48 43 5
49 44 5
49 43 5
49 42 5
50 41 6
49 39 7
51 38 8
52 36 8
54 36 7
55 35 7
55 33 6
55 32 6
55 31 5
55 30 5
55 31 3
55 33 1
54 34 0
52 36 -2
53 35 -2
53 36 -3
53 38 -4
53 39 -4
52 41 -4
49 41 -5
47 42 -4
44 44 -2
44 45 -4
45 45 -6
46 49 -10
45 51 -11
44 51 -13
43 51 -14
43 50 -15
43 48 -12
43 46 -10
40 48 -9
41 47 -9
41 45 -9
41 45 -8
43 44 -7
42 45 -8
42 45 -8
41 45 -9
41 44 -9
41 42 -11
43 41 -11
43 42 -13
44 40 -11
45 37 -10
46 38 -11
45 39 -6
45 39 -1
46 37 -4
47 36 -6
48 35 -5
49 35 -5
50 36 -4
49 36 -6
49 36 -5
48 36 -5
48 38 -5
48 39 -7
49 41 -9
49 43 -9
48 44 -11
49 44 -11
49 42 -10
50 40 -9
50 41 -7
49 41 -5
52 45 -4
55 50 -8
58 57 -7
54 67 -6
46 62 -4
42 51 -4
41 41 -5
41 36 -8
44 34 -9
49 34 -6
53 35 -4
54 38 -5
53 42 -4
51 44 0
48 45 1
47 45 4
49 43 5
52 42 4
53 41 3
53 39 1
55 37 -3
55 35 -5
53 37 -6
52 39 -6
52 39 -4
51 39 -2
48 40 0
46 41 4
46 39 7
46 38 7
46 40 5
46 41 4
47 43 2
47 46 -1
47 47 -2
45 47 -3
46 47 -4
46 46 -3
47 45 0
45 46 1
45 45 2
45 43 3
47 41 6
49 41 6
50 41 6
50 44 5
49 45 3
49 46 3
48 46 2
47 46 3
46 46 4
45 46 5
44 46 6
45 47 11
44 46 5
46 46 3
47 45 1
47 45 1
45 44 2
45 43 6
45 42 5
47 42 6
48 40 6
50 40 3
50 39 1
50 39 0
49 39 2
49 40 4
50 41 4
51 41 2
52 39 2
54 38 2
55 37 2
55 36 2
55 36 2
54 36 2
53 37 2
50 37 3
47 36 7
47 36 8
47 36 5
48 40 -4
47 44 -5
45 43 2
48 43 3
48 44 0
48 44 -1
49 44 0
50 43 1
51 42 1
51 41 1
50 40 2
50 40 3
50 40 3
49 40 4
48 40 3
49 39 3
49 38 2
48 39 2
49 39 2
49 40 3
48 39 3
47 39 0
48 40 1
47 41 2
47 41 2
48 41 0
48 40 1
48 41 -1
48 41 -2
48 42 -1
48 42 1
50 41 2
49 40 1
49 40 -1
49 40 -2
49 41 -2
50 42 1
51 43 2
51 43 2
51 42 1
50 43 0
49 44 -1
49 45 0
50 44 2
51 44 3
50 43 2
50 43 0
49 42 0
49 43 1
49 43 1
49 43 1
49 42 1
49 42 1
48 42 0
48 42 0
48 43 0
48 42 0
48 42 -1
48 42 0
48 43 0
47 42 -1
47 42 -1
48 42 1
47 41 0
48 42 0
47 42 1
48 41 1
48 41 1
48 41 0
47 41 0
48 41 0
49 41 1
49 40 1
49 41 1
49 42 2
48 42 1
48 42 2
49 42 3
49 42 1
49 42 -1
49 41 0
49 41 0
49 41 1
49 41 1
49 42 0
48 43 -1
48 43 0
49 43 1
49 42 1
48 43 0
48 42 0
48 42 1
49 42 -1
49 42 -1
49 42 -1
49 41 0
49 41 0
49 41 0
48 41 0
48 41 0
49 41 0
49 41 0
49 41 0
49 41 1
49 40 1
49 40 0
49 40 0
49 40 0
49 41 0
49 41 0
48 41 1
49 41 1
48 41 0
48 41 0
48 41 0
48 41 0
48 41 -1
49 41 -1
49 41 0
49 41 0
49 41 0
49 41 0
49 41 1
49 42 0
50 42 0
50 42 0
50 42 0
50 42 -1
50 42 1
50 41 0
50 41 0
51 41 0
50 41 0
50 41 0
50 41 0
49 41 0
49 41 0
49 41 -1
49 41 -1
49 41 0
48 40 1
48 40 1
48 40 0
49 40 0
49 40 0
49 40 -1
49 41 -1
49 41 -1
49 41 -1
49 41 0
49 41 0
49 41 0
49 41 0
49 41 0
49 41 -1
49 41 -1
50 41 0
50 41 0
50 41 -1
51 40 -1
50 40 0
50 41 1
50 41 2
50 40 0
50 40 -1
50 40 -1
50 41 0
50 40 1
49 41 1
49 41 1
49 40 0
49 40 0
48 40 0
49 40 1
48 40 0
48 41 0
48 41 0
48 41 1
48 41 0
48 40 -2
49 41 0
49 40 -1
48 41 -1
47 41 0
48 42 0
48 41 0
49 41 0
48 41 0
49 42 0
50 41 -1
51 41 -1
51 42 -1
51 41 1
50 42 1
50 42 0
51 43 0
51 43 0
51 42 1
51 42 1
50 41 1
50 40 1
50 40 -1
50 40 -1
51 40 0
51 39 0
50 39 1
49 39 1
49 40 0
49 39 0
49 40 -1
50 39 -1
49 39 0
50 40 0
50 39 0
49 39 1
49 40 1
49 39 1
50 39 0
50 40 0
50 40 0
50 41 -1
50 41 0
50 41 0
50 41 0
50 41 1
51 40 0
51 40 1
50 40 0
51 40 1
51 41 0
51 41 0
50 41 0
50 40 0
50 39 -1
50 39 0
50 39 0
50 39 0
50 39 1
51 39 1
51 39 0
51 39 1
50 39 0
51 40 1
51 39 1
51 40 2
51 40 2
51 39 2
51 38 2
51 38 1
51 38 1
50 38 1
50 38 1
51 38 1
51 38 1
51 38 2
52 37 3
52 37 2
51 37 4
51 37 3
51 37 2
52 37 3
51 38 2
52 39 2
51 40 2
52 39 2
52 40 2
51 40 3
50 39 3
50 38 3
50 38 4
50 38 3
51 39 3
51 39 2
51 38 3
51 37 3
51 37 3
51 36 3
51 37 3
52 37 3
51 37 3
51 38 2
51 39 3
51 39 3
50 39 2
51 40 2
51 39 2
51 39 3
51 38 3
52 38 3
52 38 3
52 38 4
52 37 2
52 37 2
52 38 2
52 37 2
52 37 4
52 37 3
52 37 4
52 36 4
52 37 3
53 37 2
53 37 3
52 38 3
52 38 3
52 37 4
52 37 4
52 37 3
52 37 3
52 37 2
52 38 2
51 38 2
51 38 2
51 38 2
51 38 3
51 38 3
51 38 3
52 38 2
51 38 2
52 38 2
52 38 3
51 38 3
51 38 3
52 37 3
52 37 3
52 37 3
52 37 3
52 37 4
51 37 4
51 38 4
51 38 3
51 38 3
51 38 3
51 38 3
52 37 3
51 38 2
51 38 2
52 38 3
51 39 2
50 38 3
50 38 2
50 38 2
50 38 2
50 38 1
50 37 0
49 38 0
48 38 0
48 38 1
48 40 2
46 40 3
46 39 4
47 37 3
48 36 2
46 35 1
45 34 -1
44 35 -4
45 37 -3
45 39 0
45 40 2
47 39 1
47 36 0
47 35 -1
44 34 -2
42 33 -4
42 32 -1
42 30 2
42 29 -1
43 29 -5
46 30 -5
46 36 -6
45 41 -10
43 45 -5
41 43 -4
43 43 -3
42 34 -4
40 34 -1
36 35 -2
34 41 -2
33 41 -3
35 44 -4
36 47 -9
32 46 -11
30 50 -12
29 52 -11
30 52 -14
33 51 -11
34 47 -14
34 47 -14
33 51 -13
28 47 -10
24 50 -13
19 50 -6
19 54 -17
17 61 -19
21 70 -15
21 65 -18
18 65 -14
19 68 -12
20 70 -13
26 79 -13
23 82 -20
21 86 -24
20 90 -23
25 96 -27
33 93 -22
38 96 -21
40 103 -23
43 109 -22
46 112 -24
45 113 -24
43 114 -24
41 109 -26
40 104 -23
39 100 -24
37 98 -21
41 102 -20
43 109 -20
50 117 -21
59 124 -21
63 127 -23
73 124 -23
81 115 -19
89 99 -12
94 88 -5
103 87 2
101 81 5
96 81 14
93 67 -3
88 55 -3
29 46 20
-10 56 33
-42 35 29
-30 -6 22
-52 -42 -56
-25 -47 -22
-49 -11 -128
-42 99 -128
21 18 -21
20 0 -1
26 -41 -13
-2 -37 10
-19 -18 3
-4 -8 31
11 -7 24
15 -6 25
14 3 30
13 -1 41
2 21 16
-6 21 -4
-6 2 -1
4 -8 3
11 -14 5
11 -15 7
10 -13 5
5 -12 -5
3 -6 -12
0 -1 -14
-2 -7 -24
-7 -10 -30
-7 -5 -14
-2 0 3
4 1 6
9 4 5
14 5 1
10 7 3
5 8 5
13 2 6
24 -6 14
22 1 -80
15 20 -74
25 54 6
6 27 9
-11 38 -67
58 46 -22
103 84 13
74 127 38
121 127 83
68 127 -19
-11 121 -63
71 127 -62
96 127 -16
65 101 -20
24 54 -30
32 33 -11
52 95 -17
36 127 -33
25 114 -22
18 86 -12
8 86 -4
9 92 -2
11 97 0
13 101 -3
18 111 -10
26 120 -18
29 120 -22
30 111 -29
31 100 -27
34 87 -22
35 84 -20
34 83 -17
33 78 -14
33 74 -12
31 67 -9
30 61 -5
29 56 -5
27 52 -3
25 49 -3
24 44 -1
25 44 1
22 45 0
22 45 -1
23 45 1
23 44 -2
22 45 -4
21 42 -5
20 37 -3
18 36 -4
20 35 -4
19 37 -3
24 35 0
25 34 -3
29 32 -9
36 27 -5
43 26 0
46 26 3
49 29 5
49 32 8
46 36 2
41 41 6
39 43 8
38 44 9
40 42 7
42 39 5
42 41 4
43 42 1
49 48 6
49 50 4
47 51 6
48 52 4
47 52 3
46 50 2
45 49 2
43 49 2
41 47 3
38 46 4
38 43 5
39 41 5
42 40 8
42 40 10
41 41 9
40 43 6
42 43 6
47 44 4
49 44 3
51 45 4
51 43 2
51 40 3
54 39 4
52 38 3
51 40 7
49 41 7
49 39 6
47 38 4
43 39 3
41 40 4
41 38 3
39 39 3
35 40 3
33 41 1
33 42 2
33 39 0
32 36 -3
33 35 -9
37 33 -10
43 38 -5
43 34 3
42 32 2
41 34 -2
39 41 0
40 40 7
38 42 11
38 41 11
32 39 11
28 43 1
30 53 -7
37 58 -10
45 63 -5
50 60 11
47 53 7
40 43 -1
35 38 -4
31 35 -10
30 37 -9
36 43 -13
38 55 -7
33 74 -2
31 95 -2
31 96 -8
38 81 -10
36 58 -10
27 49 -7
31 57 -7
27 69 -9
22 78 -10
22 72 -10
20 68 -5
25 63 -7
27 58 -7
29 55 -2
29 53 -1
28 57 0
26 63 -1
24 63 -6
19 65 -6
17 63 -5
19 61 -5
20 59 -5
22 58 -4
24 57 -5
24 57 -5
25 59 -5
25 58 -7
24 58 -4
25 58 -7
24 59 -8
24 60 -7
24 61 -11
22 61 -8
22 63 -6
22 61 -6
21 60 -8
23 58 -8
22 58 -6
24 57 -4
24 56 -4
21 56 -5
20 54 -9
18 56 -5
17 58 -4
17 57 -6
17 58 -5
16 59 -5
15 58 -4
15 62 -7
17 64 -9
16 64 -10
13 67 -8
12 66 -7
10 69 -8
9 75 -8
12 77 -5
18 82 -15
21 87 -8
27 93 -11
36 96 -9
42 101 -8
47 102 -9
51 97 -11
46 100 -8
51 107 -9
63 123 -9
68 127 -15
77 127 -22
83 127 -20
82 127 -17
82 127 -13
89 114 5
82 111 -2
67 92 2
75 110 1
71 114 10
67 113 12
62 88 21
64 74 34
62 71 57
34 18 31
43 -2 64
-26 -18 54
-12 -26 26
127 67 -75
-68 127 -128
29 -16 127
-7 -39 125
-22 -26 56
-34 -15 23
-48 -7 2
-59 -14 -1
-48 -24 6
-12 8 9
9 17 9
24 17 -5
29 -6 -14
24 -3 13
55 23 -13
42 6 16
14 -27 -5
-3 -31 -20
4 -8 -32
-7 -8 -27
-8 -14 3
-8 -17 9
0 -17 -7
8 -5 3
9 8 4
5 17 6
-2 21 7
-8 17 3
-10 13 -4
-9 15 3
-5 9 -6
0 2 -8
9 -3 -5
14 -2 -4
14 2 7
13 4 9
14 -5 6
16 -17 -7
15 -44 -49
6 -10 -62
-12 22 -21
-25 58 -22
43 100 15
87 92 -12
34 116 -66
86 127 -26
111 127 67
67 127 22
27 110 -113
23 127 -67
15 127 -91
32 91 -41
21 67 -35
17 60 -26
29 56 -16
33 71 -17
24 102 -2
6 99 22
-14 94 1
-29 113 -27
-31 127 -49
-10 126 -56
13 123 -45
24 124 -18
31 114 -27
31 100 -25
27 89 -23
29 88 -21
32 87 -28
31 86 -26
33 83 -18
33 79 -15
31 76 -20
28 75 -25
27 75 -25
28 74 -25
29 71 -23
30 65 -20
28 57 -18
27 53 -14
26 51 -13
21 54 -11
16 55 -10
14 57 -10
14 54 -13
15 51 -14
16 49 -14
18 51 -17
21 48 -19
23 43 -17
26 37 -13
26 31 -7
27 25 -6
31 19 -3
33 22 -5
31 27 -5
28 30 -6
28 33 -6
28 32 -6
27 29 -4
28 28 -6
28 29 -11
28 32 -14
26 35 -13
25 38 -14
24 39 -16
22 38 -15
21 38 -14
21 38 -16
21 41 -16
20 45 -7
24 53 2
34 55 5
45 54 4
54 52 3
59 54 -4
54 57 -13
38 59 -11
32 65 -3
34 65 4
40 65 9
44 59 13
48 61 4
47 62 -6
44 64 -21
47 61 -24
51 46 -4
52 41 13
52 40 15
46 39 9
41 41 6
38 44 6
38 43 8
38 41 12
39 43 12
41 46 11
43 49 12
43 50 10
43 50 9
42 51 6
42 50 3
42 49 4
41 49 4
39 48 4
41 47 7
43 45 8
46 42 9
50 41 10
51 40 9
51 38 9
51 39 10
51 38 11
51 39 9
49 40 7
46 40 6
44 40 4
44 41 4
46 42 2
48 43 1
50 45 0
48 47 5
45 45 7
44 43 9
45 42 10
45 42 10
44 42 10
41 40 10
40 40 10
39 39 8
45 39 5
51 39 3
60 41 2
60 45 -3
57 46 -3
58 45 2
57 44 4
53 41 5
50 38 6
48 39 6
46 40 10
46 41 11
48 41 9
51 40 8
49 39 7
48 37 7
47 37 7
47 37 7
48 39 8
51 40 8
52 41 6
52 40 5
50 40 5
50 38 5
51 38 5
52 38 6
52 39 6
50 39 7
49 40 6
48 41 6
48 41 5
48 42 4
49 42 4
49 43 4
47 43 4
47 43 5
48 42 6
49 40 6
49 40 7
48 41 7
48 42 7
48 42 6
49 41 6
49 41 5
50 41 4
51 41 4
50 41 4
48 41 5
47 41 4
48 41 4
48 42 4
49 42 4
49 41 5
48 41 5
48 40 6
49 40 7
49 41 6
49 41 4
49 41 3
48 42 3
49 41 3
49 41 3
50 40 4
50 40 4
50 39 5
50 39 5
50 40 5
50 41 4
50 42 2
49 42 2
49 41 4
49 40 4
49 40 5
50 40 5
49 40 4
49 40 4
48 41 4
49 41 2
49 41 3
48 41 3
48 41 3
49 41 4
50 40 4
50 40 5
50 40 4
49 40 3
50 41 3
49 41 3
49 42 2
49 42 2
49 41 2
50 40 4
49 40 4
49 41 3
48 42 2
47 42 1
48 42 2
49 42 3
49 42 3
49 41 4
50 39 5
51 38 5
52 38 6
51 38 6
49 40 4
48 41 1
48 42 0
48 42 0
49 41 2
49 41 3
49 42 4
48 42 4
48 42 3
48 42 3
48 42 2
48 41 1
49 42 0
48 42 0
48 42 0
48 43 0
47 43 0
47 42 1
46 42 0
46 42 0
47 43 -1
47 42 -2
48 43 -2
45 45 -2
42 46 -2
40 46 0
38 45 1
38 42 3
41 39 3
45 39 3
41 41 -1
34 41 -8
33 44 -9
32 50 -8
31 48 -5
33 45 -3
32 42 1
29 36 0
29 29 0
28 28 -4
25 27 -1
27 24 1
28 27 5
29 27 1
36 27 -11
34 20 -19
28 19 -8
18 25 -2
11 34 2
13 42 16
23 47 20
36 46 15
36 39 -6
37 36 -20
35 39 -18
21 40 -2
17 49 8
17 55 -8
20 73 -11
25 84 1
19 86 -8
29 77 5
35 59 -1
29 55 -16
16 65 -25
5 78 -25
6 75 -25
14 72 -27
16 83 -18
22 91 -18
21 99 -13
17 108 -20
17 101 -18
11 94 -13
5 84 -9
1 81 -3
-1 90 -5
-6 101 -6
-10 114 -8
-16 127 -9
-19 125 -14
-15 120 -17
-10 117 -23
-2 111 -28
8 103 -33
18 101 -33
23 103 -37
27 101 -35
29 98 -29
31 97 -23
30 93 -21
33 90 -14
36 86 -7
37 84 -10
43 84 -3
53 91 -5
56 104 1
61 107 -10
70 105 -9
80 99 -2
94 113 3
93 114 -8
91 108 -2
84 111 -4
66 107 -12
54 111 -18
46 78 -13
39 58 5
35 44 22
38 21 38
-28 11 42
-74 3 20
-51 -23 23
-21 -32 13
-14 -49 -5
-53 -63 -128
-45 114 -128
25 3 -53
0 -41 54
-5 -44 44
-8 -16 40
-8 1 37
-14 8 23
-2 23 30
63 31 36
6 33 -13
12 13 -30
16 -2 -25
24 -12 -13
19 -20 -24
14 -30 -18
6 -33 -10
-4 -38 -2
0 -23 9
-4 -6 2
-4 0 6
-4 2 11
2 0 25
10 2 25
10 1 2
12 3 -9
13 8 -14
11 16 -20
5 17 -24
0 10 -20
-2 12 -15
-8 18 -7
-11 23 -4
-13 21 -1
-3 21 -15
22 29 -5
50 15 -23
11 68 -28
26 127 -35
52 127 3
99 127 35
127 127 -39
53 91 -107
43 59 -40
55 91 -14
50 107 -1
38 127 -2
41 127 -6
46 127 -19
19 127 -70
8 127 -83
16 111 -48
23 104 -28
22 94 -20
26 88 -16
28 94 -23
24 104 -27
23 103 -33
24 106 -34
23 110 -28
22 104 -27
19 100 -29
16 93 -27
15 85 -27
17 80 -26
21 74 -24
24 68 -21
27 62 -19
27 53 -16
25 50 -14
24 47 -10
24 45 -8
22 46 -7
21 46 -8
18 46 -8
14 45 -6
13 43 -8
11 40 -7
10 38 -14
11 36 -8
9 34 -13
8 32 -14
9 30 -10
9 32 -9
13 36 -6
15 36 -5
17 38 -5
16 41 -11
20 43 -11
19 42 -13
18 40 -8
19 39 -4
21 43 -5
24 44 -4
29 45 -8
37 47 -8
42 53 -18
47 53 -25
50 55 -20
53 59 -12
52 55 -11
55 51 -9
52 49 -2
41 58 3
31 65 -3
31 63 -10
35 59 -18
37 55 -16
36 53 -8
36 51 -4
33 48 -3
32 45 -10
32 43 -15
31 44 -15
30 46 -10
31 46 -12
32 43 -12
29 42 -9
25 41 -7
20 45 -5
16 49 -3
18 49 -9
23 51 -16
24 53 -16
22 55 -13
22 54 -11
21 53 -15
20 53 -18
20 48 -19
20 43 -22
22 40 -23
21 39 -17
14 43 -10
12 47 -9
13 49 -24
24 56 -41
37 90 -44
36 127 -33
56 127 15
39 104 -7
16 50 -24
-4 28 -30
-15 23 -12
-14 22 -8
-4 47 9
15 76 9
43 93 6
52 91 -10
60 82 -2
52 64 -4
42 49 -4
32 48 -20
34 48 -4
37 47 0
41 50 -1
41 58 2
37 63 0
35 64 -3
32 61 -2
30 58 0
29 55 -1
29 54 -1
28 53 -1
28 52 0
31 52 1
32 52 0
35 52 0
37 52 -2
37 51 -3
37 50 -4
36 50 -6
36 51 -5
37 52 -5
37 53 -4
37 54 -3
37 54 -3
38 54 -3
36 52 -3
35 53 -3
34 52 -5
34 53 -3
34 53 -3
34 52 -5
34 53 -4
35 53 -5
36 52 -7
37 53 -6
36 53 -6
35 53 -6
35 53 -6
36 53 -5
36 53 -4
36 53 -5
36 52 -6
36 53 -5
35 53 -6
36 54 -7
35 53 -5
34 53 -6
35 52 -6
35 52 -7
35 51 -6
36 51 -6
36 51 -5
35 51 -5
35 51 -4
34 53 -5
34 55 -5
35 55 -5
36 56 -6
36 55 -4
37 53 -5
36 51 -4
37 50 -5
37 50 -5
37 51 -5
36 52 -5
37 52 -6
37 52 -6
37 52 -6
37 53 -6
37 53 -6
37 52 -6
37 52 -6
36 52 -4
36 52 -5
36 51 -5
36 50 -4
37 49 -5
38 50 -6
38 50 -5
38 51 -5
39 52 -5
39 52 -6
38 52 -5
38 52 -7
38 52 -7
38 52 -6
38 53 -6
39 52 -6
39 51 -7
38 50 -6
37 50 -5
37 49 -6
37 50 -4
37 51 -4
38 52 -4
38 52 -4
40 53 -5
41 52 -6
40 51 -5
40 50 -5
39 50 -6
39 49 -5
38 48 -5
38 49 -6
38 50 -6
38 51 -5
38 52 -6
38 53 -5
39 53 -6
40 52 -6
40 50 -6
39 49 -6
39 49 -6
38 49 -6
37 49 -5
37 50 -5
37 50 -5
38 49 -6
38 49 -6
38 51 -5
38 53 -4
38 52 -5
39 51 -5
40 51 -6
40 51 -5
40 51 -6