53 15 10
53 16 9
52 15 9
52 16 9
52 16 8
52 16 8
52 17 8
52 17 9
51 17 8
52 17 8
51 16 8
53 17 8
52 16 8
53 15 8
53 15 7
54 15 8
53 15 8
52 15 7
52 16 7
52 14 9
52 14 9
52 15 10
51 14 10
52 14 10
53 14 9
52 13 9
52 14 10
52 14 10
53 14 10
53 14 9
53 13 8
53 14 8
53 13 8
53 13 9
53 14 10
52 14 8
53 14 9
53 13 8
53 14 8
54 15 6
53 15 8
53 15 7
53 15 7
53 15 7
53 14 7
53 14 7
52 15 8
53 15 8
53 15 7
53 14 6
53 14 7
52 13 8
52 13 8
52 13 9
52 12 8
53 12 8
54 11 7
54 12 9
53 12 9
54 13 9
53 12 9
54 13 9
54 12 7
54 11 7
54 12 7
54 12 7
53 12 6
54 13 7
53 13 7
53 13 7
53 13 6
54 14 6
53 13 6
53 14 5
53 15 6
53 15 5
52 15 5
53 16 5
53 17 4
54 16 5
54 17 1
54 17 2
54 17 3
53 16 5
52 16 5
52 17 5
52 18 3
52 17 3
53 16 4
53 17 4
52 19 4
52 19 4
52 20 5
54 21 3
54 20 4
53 19 4
51 21 5
50 21 5
51 21 5
49 19 5
50 19 5
50 21 7
51 22 8
53 20 5
52 20 4
52 21 4
50 21 5
50 19 5
51 18 3
51 17 4
50 17 6
49 17 7
50 18 7
50 18 6
52 18 5
53 19 5
54 20 4
55 20 4
54 20 3
52 20 3
52 19 3
52 19 4
53 16 4
53 16 6
53 17 8
54 16 9
54 16 7
54 15 5
51 13 5
51 14 6
50 15 7
52 15 9
52 15 8
52 16 6
51 14 4
51 15 4
50 15 7
49 13 9
49 12 9
48 11 9
41 8 9
41 7 8
35 4 16
34 11 -15
23 9 -34
21 3 -16
20 2 8
18 -2 19
42 -8 18
43 2 25
46 13 27
69 65 -10
67 50 -5
66 37 35
69 36 55
89 53 95
94 62 93
107 72 82
127 67 54
127 52 43
125 18 19
127 13 8
103 8 -8
17 -20 -30
-5 -28 -31
-25 -31 -35
-50 10 23
-37 29 32
-15 31 20
33 8 1
32 -1 0
23 -7 4
12 -2 10
4 0 8
-11 6 11
-8 8 6
-7 9 2
-7 9 0
-5 5 -7
-4 2 -10
-2 0 -14
5 -4 -9
7 -5 -5
7 -4 -4
4 -3 1
4 1 0
2 2 -4
-2 2 -9
-4 3 -11
-4 4 -9
12 36 13
71 58 37
127 21 29
119 22 -31
126 22 22
127 34 72
118 32 4
111 30 -3
103 28 14
79 33 21
74 33 19
69 32 16
52 23 2
46 20 3
39 17 6
25 16 17
25 16 20
22 16 19
32 18 8
31 17 9
32 15 10
33 13 11
40 12 8
44 12 8
46 15 10
53 13 5
57 10 2
60 10 2
60 11 8
57 11 9
55 12 7
52 14 8
52 18 6
52 17 5
52 16 2
52 11 2
52 11 4
53 10 4
53 12 5
53 13 5
53 13 7
53 12 6
53 11 5
53 11 4
54 11 2
54 11 2
54 12 3
52 13 5
53 13 5
53 12 5
53 12 6
53 13 6
53 11 6
53 13 5
53 13 5
54 14 5
54 13 5
54 12 6
54 12 6
55 13 6
54 12 5
54 12 6
54 12 6
53 12 7
53 12 5
53 12 6
54 11 6
54 11 4
53 11 6
54 12 6
54 11 5
53 11 5
53 11 4
54 11 4
54 10 5
55 11 4
53 11 5
54 11 6
54 12 5
55 12 5
53 11 4
53 12 5
53 12 5
53 11 6
54 11 6
54 11 6
53 12 5
55 12 5
54 11 4
53 11 5
53 11 5
54 10 5
54 10 5
53 9 5
54 9 5
54 11 6
54 11 5
54 12 6
55 12 5
54 12 7
53 11 6
53 11 6
54 12 6
54 12 6
54 12 6
53 12 8
53 11 7
54 11 6
54 10 6
55 11 6
54 10 5
54 11 6
53 11 6
54 12 6
54 12 6
54 12 5
54 11 6
53 12 6
54 12 5
54 11 5
53 11 6
54 11 5
53 10 6
54 10 6
54 11 5
54 11 5
54 10 5
54 11 5
54 12 5
54 12 5
54 12 6
54 12 5
54 12 6
54 12 5
54 11 6
54 11 5
53 12 6
53 10 6
53 11 6
53 11 5
53 11 5
54 11 6
54 11 6
54 12 6
54 11 6
53 11 6
53 11 5
53 11 5
52 11 4
53 12 6
53 11 6
54 12 5
54 11 5
54 11 6
53 11 6
54 11 5
54 11 5
53 10 6
53 11 6
54 11 5
54 12 6
53 11 6
53 11 6
54 12 6
53 12 7
54 13 7
54 12 7
54 12 7
54 12 7
54 12 6
54 11 5
54 11 6
54 12 6
54 11 6
54 11 7
54 11 5
54 12 5
53 12 6
54 12 6
54 11 5
54 12 6
54 11 6
54 11 6
55 12 6
53 12 6
54 11 5
53 12 5
53 11 5
52 11 5
46 12 5
45 12 5
43 12 4
37 10 -4
35 9 -7
30 9 -6
13 11 1
12 8 5
10 4 5
9 1 6
12 3 3
17 2 12
43 15 20
42 18 16
48 15 38
96 39 15
101 45 36
105 55 58
121 79 62
124 71 82
127 62 54
127 56 46
127 51 40
103 20 7
85 11 0
67 -3 -12
-10 -31 -15
-25 -39 -9
-41 -31 2
-44 23 10
-31 38 11
-9 40 5
34 -4 -13
36 -12 -6
24 -10 11
16 -6 18
-10 -14 -3
-11 -12 -2
-12 -10 -3
-4 1 -4
1 2 -3
2 4 -4
2 2 -4
3 1 -4
3 3 -4
3 3 -3
4 6 -3
3 10 -4
0 12 -5
-2 17 -15
-10 19 4
-4 19 21
21 26 53
108 0 51
127 79 49
122 44 59
127 17 47
127 62 12
120 49 -3
115 32 16
92 26 35
88 32 25
85 36 17
69 18 22
62 13 21
55 11 17
33 14 9
28 16 8
28 27 2
24 16 11
23 9 8
27 8 8
30 7 5
32 6 8
35 8 8
38 9 10
44 4 5
46 4 2
49 4 -1
49 6 2
50 9 5
58 14 4
61 14 4
62 15 3
61 13 2
57 12 8
55 14 11
55 15 11
55 15 8
48 10 9
47 11 9
47 11 9
47 11 9
48 10 8
49 9 7
49 9 7
50 9 6
51 10 6
52 10 6
54 11 5
54 11 1
53 11 1
52 11 3
53 11 2
54 10 4
54 10 3
53 10 3
54 9 3
55 9 3
56 9 2
57 8 4
58 8 4
59 9 5
58 11 5
58 11 5
56 11 4
55 12 4
52 11 4
51 11 4
52 11 5
53 12 6
53 13 7
54 14 5
54 14 6
55 13 4
54 13 3
54 13 4
53 12 4
53 12 6
54 11 6
54 13 4
55 13 4
56 13 4
55 13 4
55 12 5
55 13 3
54 12 5
54 13 4
53 11 4
53 13 4
53 13 5
53 12 4
53 13 5
53 12 5
53 12 5
54 13 4
53 12 5
54 13 5
54 12 6
55 12 5
54 12 5
54 13 5
54 13 5
53 12 5
54 13 6
54 12 6
54 13 5
53 13 6
53 12 5
53 12 5
53 11 5
54 12 6
54 12 5
53 11 6
53 13 5
53 13 4
53 12 5
53 12 6
53 12 5
54 12 5
54 11 5
54 12 6
53 11 6
54 11 6
54 10 5
54 12 5
53 11 6
54 11 5
54 12 5
54 12 5
54 12 5
54 11 6
54 11 5
53 11 6
54 11 7
54 11 6
54 12 5
54 11 7
54 11 6
54 11 6
55 12 6
54 11 6
54 10 5
54 11 6
53 11 5
53 11 5
54 12 5
54 11 5
53 12 5
54 11 6
54 12 5
54 12 6
54 12 6
53 12 6
54 12 5
53 11 6
53 11 6
54 11 7
54 11 5
54 11 6
54 11 6
54 11 6
54 11 5
55 11 5
54 11 5
54 10 6
54 10 6
54 10 6
54 11 5
54 11 5
54 10 4
54 10 5
53 10 4
53 11 5
53 11 5
54 11 5
54 10 5
54 10 5
54 11 5
54 11 5
53 12 6
52 11 6
53 11 6
54 12 6
54 11 5
53 11 6
54 11 6
53 11 7
53 12 6
54 13 6
54 13 5
53 12 5
53 12 5
48 13 4
46 13 4
46 12 4
43 9 2
42 8 2
39 9 2
38 10 2
30 3 -3
20 4 -2
18 4 6
16 -3 -4
16 -4 3
20 -4 8
27 1 12
38 8 16
44 15 16
64 36 24
74 37 21
81 42 24
106 64 90
110 72 113
103 75 89
122 80 84
127 81 83
127 34 52
127 20 40
127 11 33
84 13 -25
54 -8 -32
11 -40 -27
-112 23 12
-68 32 -14
-16 29 25
83 -17 12
59 -1 -27
26 -3 -31
-37 5 -18
-28 2 5
-18 -6 2
-11 -6 2
8 -5 6
14 0 3
18 4 -1
18 10 -3
15 15 -3
-7 13 4
-9 11 6
-10 7 8
-12 5 8
-12 3 7
-10 2 5
1 5 -5
3 5 -8
3 6 -10
4 6 -9
2 7 -9
-1 8 -6
-4 6 -4
-6 3 0
-10 -5 3
9 23 33
127 90 59
127 -19 108
105 79 96
121 117 110
121 31 -6
103 28 43
86 29 52
71 45 41
75 40 43
73 38 46
64 38 47
60 38 30
59 38 28
59 36 29
57 26 25
56 23 22
55 22 23
54 21 22
43 21 19
38 21 17
36 22 16
25 18 12
25 17 15
24 17 6
30 18 7
32 15 10
34 14 12
42 12 14
46 15 11
50 20 8
51 20 7
50 18 7
48 16 7
47 14 10
53 11 11
55 14 9
56 15 8
57 16 7
53 12 3
52 14 3
51 13 4
49 12 4
51 11 6
52 10 7
51 10 8
54 10 6
53 10 7
53 11 6
53 13 4
53 12 3
54 12 4
55 13 5
56 11 5
56 11 5
54 12 6
54 11 7
54 11 6
53 11 6
54 10 6
53 11 5
53 11 5
53 10 6
54 11 6
54 10 7
54 11 7
54 12 7
54 12 6
53 12 6
53 11 5
53 11 6
53 11 6
54 9 7
54 10 6
53 9 7
54 11 7
54 10 7
55 10 6
54 11 6
55 10 5
54 10 5
55 10 5
54 10 6
54 10 5
54 10 5
54 10 6
54 11 6
54 11 6
53 11 6
54 11 4
54 11 4
54 11 5
54 10 5
55 10 6
54 10 5
54 10 5
54 9 5
54 9 5
54 10 5
54 10 6
55 11 6
53 10 6
55 10 4
55 10 5
55 10 4
54 9 4
54 10 4
54 10 5
53 10 6
54 9 5
54 9 4
55 9 4
54 9 4
55 10 3
54 9 5
54 9 5
54 10 6
53 10 6
54 10 4
54 10 4
54 10 4
55 10 4
54 10 4
54 10 5
55 9 5
55 10 5
54 10 5
54 10 5
54 10 5
54 10 5
53 11 5
53 10 6
53 9 5
53 10 6
53 10 6
53 10 5
54 10 5
54 10 4
54 10 5
53 10 5
53 11 6
54 11 5
54 9 5
54 11 5
54 10 5
55 11 5
53 10 5
54 10 5
54 10 5
54 11 5
54 10 5
54 10 5
54 10 5
54 11 4
54 11 5
55 11 3
55 10 4
54 10 4
55 10 5
54 10 5
54 10 4
54 10 5
54 11 5
53 11 4
54 10 4
53 10 5
54 11 5
54 11 4
54 11 4
54 10 6
55 11 4
55 11 4
54 11 4
54 10 4
53 10 5
54 11 5
54 10 5
54 11 5
55 10 4
54 10 5
54 10 5
53 10 5
54 11 4
54 10 4
54 10 4
54 9 5
55 10 4
54 11 4
54 10 4
54 10 4
54 10 5
54 10 4
54 11 4
54 11 5
54 10 5
54 11 5
54 11 5
54 11 5
54 10 6
54 10 5
53 10 6
55 11 4
54 11 5
54 11 4
55 11 5
54 11 4
54 10 4
54 11 4
54 10 4
55 10 5
55 11 4
54 10 5
54 10 4
54 10 4
54 10 5
54 10 5
55 10 4
53 10 4
54 11 5
53 10 5
54 11 4
54 11 4
53 10 4
53 9 5
54 10 5
53 11 6
54 11 6
55 11 6
55 12 6
54 12 5
55 12 5
54 12 6
55 12 6
54 11 5
55 10 6
54 10 7
54 11 6
53 11 5
54 11 5
54 11 5
54 11 4
54 10 5
54 10 5
54 10 5
54 10 5
54 10 4
54 9 4
54 9 4
53 9 4
52 10 5
51 10 5
49 11 6
47 12 3
47 10 2
46 9 3
42 11 12
41 10 14
41 12 13
36 10 7
37 9 4
36 6 3
33 6 5
32 11 -3
34 10 3
28 13 0
29 12 5
29 13 7
37 13 10
52 1 23
53 7 24
52 13 27
53 19 25
63 33 33
65 32 36
66 34 41
66 38 50
71 47 60
77 49 59
85 50 62
95 60 71
91 59 64
89 59 62
111 48 55
120 45 46
117 49 43
89 24 21
82 12 14
72 5 -2
17 -2 -8
1 -5 -8
-10 -3 -8
-22 -4 -4
-26 -12 -2
-18 -11 -4
-15 -3 -1
1 8 4
6 6 -3
9 5 -9
10 6 -11
10 8 -9
9 8 -6
11 -3 0
9 -7 -3
9 -10 -4
7 -11 -7
3 -12 -5
-6 -5 1
-7 0 1
-7 3 2
-8 6 3
-9 10 2
-9 11 2
-8 12 1
-7 11 1
-14 16 -9
-7 17 1
7 20 16
49 28 29
127 52 -5
127 23 10
127 -3 37
127 79 44
127 62 19
127 53 52
127 46 43
127 35 29
117 27 23
54 6 -6
35 6 -7
17 -3 -6
0 -9 -5
-36 -23 4
-38 -9 -4
-39 5 11
-36 7 16
-2 24 10
8 20 -7
14 11 -17
18 -9 -9
18 -13 -4
16 -12 -2
13 -9 -2
5 -4 -5
3 -2 -6
-3 1 -6
-8 5 -6
-11 7 -5
-12 9 -4
-14 11 1
-12 12 8
-10 8 5
-8 4 -2
-5 7 -3
5 7 7
16 17 23
45 36 43
127 34 20
127 20 42
127 19 60
127 53 17
127 25 11
127 70 48
127 85 40
127 80 49
91 7 13
74 10 4
54 20 -10
-20 -15 -8
-38 -23 -7
-44 -23 -6
-32 -8 5
-25 5 7
-14 24 2
4 29 11
28 -2 -5
28 -8 -2
21 -9 6
14 -3 11
9 -2 9
-9 1 4
-12 2 3
-14 2 3
-13 5 4
-13 7 3
-11 5 1
0 5 -4
3 3 -4
6 3 -3
6 2 -2
6 2 0
3 3 4
2 5 5
5 10 8
4 8 14
13 26 30
127 -11 60
127 32 49
127 78 39
127 102 69
127 66 5
109 20 32
98 33 38
88 34 33
52 16 -16
43 13 -11
31 10 -3
9 6 5
5 4 7
3 4 12
6 3 17
12 4 20
10 7 22
43 9 16
48 11 13
52 11 9
55 14 11
57 16 11
57 16 10
58 16 12
58 18 13
54 24 12
53 24 10
52 22 8
47 21 9
47 20 8
48 17 9
50 15 10
53 15 14
53 18 12
52 18 10
53 19 8
51 21 4
51 21 4
51 21 4
51 21 5
50 18 8
51 17 7
50 17 6
51 16 6
53 16 6
53 15 7
53 15 7
53 17 8
53 17 6
53 17 6
53 14 5
54 15 5
54 14 4
52 12 5
53 14 6
53 15 6
53 15 7
54 14 7
54 14 6
54 13 5
53 13 5
53 14 5
53 14 6
53 14 5
53 14 6
54 14 5
54 15 5
53 15 5
53 14 5
52 14 6
51 14 7
52 15 7
51 14 8
53 14 8
53 13 8
54 13 8
54 14 7
54 13 7
54 13 7
54 13 6
53 13 5
54 13 6
54 13 6
53 13 6
53 13 6
52 13 6
53 14 7
53 13 8
54 14 6
54 13 6
53 13 5
53 12 5
54 11 6
53 11 7
55 12 6
55 12 6
55 12 7
55 11 6
54 11 6
54 10 7
54 11 7
53 10 5
53 10 5
53 10 7
54 11 6
55 10 6
55 10 5
54 10 6
55 10 6
53 11 6
54 11 6
53 10 7
54 10 6
53 10 6
55 10 6
55 10 6
55 10 6
54 11 4
52 9 5
53 9 6
53 9 7
53 10 8
54 10 9
55 11 6
55 11 6
55 11 6
55 11 6
54 8 5
55 8 4
54 7 6
54 7 7
54 9 8
54 9 6
55 9 5
55 10 3
55 10 4
54 9 5
54 10 6
54 9 6
55 10 6
54 11 6
53 10 7
54 9 6
52 9 6
54 10 6
54 9 7
54 10 7
54 10 5
54 10 6
54 10 5
54 10 5
54 10 6
54 9 6
53 10 6
53 10 4
54 10 5
54 10 5
54 10 6
53 10 5
54 10 5
54 9 5
53 9 4
54 10 4
55 10 4
54 9 4
54 9 5
54 10 5
55 10 4
54 10 4
55 9 4
55 10 4
54 9 4
54 10 4
54 10 4
54 10 5
53 11 5
53 10 4
54 10 4
54 9 4
54 9 5
54 11 5
54 11 5
54 11 4
53 10 5
54 12 5
54 11 5
54 11 5
54 11 5
53 11 5
54 12 5
53 10 4
54 11 5
54 11 5
54 11 6
53 11 5
54 11 6
55 11 5
54 11 6
55 10 5
53 11 5
53 10 4
55 11 5
53 10 6
54 10 5
54 10 6
54 10 5
54 10 5
54 10 5
54 10 4
54 9 5
55 9 6
54 9 6
54 9 6
55 10 6
54 10 5
55 10 5
54 11 5
54 10 5
55 10 4
55 10 5
54 9 5
54 9 6
54 9 6
55 9 5
54 9 4
54 9 4
54 9 3
54 8 3
53 9 3
53 10 3
51 8 -2
50 5 -5
49 3 -6
48 -1 -8
47 -10 -6
42 -11 -4
38 -6 -4
22 3 2
14 6 0
9 5 2
7 7 3
3 9 5
6 7 13
11 7 16
18 15 18
16 16 29
13 24 26
44 12 8
48 15 34
49 23 49
56 43 43
67 36 40
67 41 40
57 58 56
61 49 55
67 44 60
66 59 59
67 59 63
66 58 70
72 53 62
75 57 58
76 64 57
77 71 73
77 66 72
73 59 68
83 71 68
89 73 67
99 70 67
127 6 24
117 5 24
101 13 23
83 0 -11
-31 -81 -29
-46 18 -26
-57 25 -30
25 4 14
46 -23 -22
60 -19 -22
-7 17 -31
-21 17 -25
-29 15 2
-13 -5 2
-5 -6 -3
2 -7 -3
6 -10 -6
8 -9 -8
10 -10 -7
11 -7 -6
10 4 2
9 5 4
7 5 6
5 6 5
2 7 6
-3 8 5
-6 7 6
-7 8 4
-9 8 1
-8 9 2
-7 9 2
-7 8 4
-5 10 5
-3 10 8
-4 9 10
-6 7 6
-7 1 2
-7 -9 -5
-10 -13 -2
-9 -17 2
96 37 31
127 38 80
127 -32 -11
106 125 113
127 90 121
64 22 74
63 -2 89
71 12 89
93 67 24
91 56 38
79 43 62
69 34 73
69 50 40
74 53 22
73 53 10
64 32 15
61 27 20
58 24 21
42 19 14
38 17 10
36 18 7
31 18 6
19 13 11
18 12 13
18 10 12
19 7 12
32 2 15
32 3 9
38 1 9
39 3 11
40 5 12
48 14 6
50 15 4
53 16 6
57 19 10
56 18 9
56 19 7
51 21 7
52 21 6
54 21 6
54 20 3
54 15 5
53 15 6
52 16 8
49 18 7
52 18 6
52 17 5
53 17 5
52 17 5
53 17 7
53 13 7
53 11 5
54 10 4
49 13 13
48 17 13
49 20 13
54 19 1
54 18 0
54 17 1
52 17 3
51 20 8
50 19 8
51 18 8
53 17 6
53 18 5
52 17 5
51 15 5
52 15 5
51 14 6
53 15 8
53 15 8
52 14 7
53 13 6
53 14 5
53 15 6
53 17 5
53 18 5
53 18 4
52 18 3
52 16 4
53 17 3
53 16 5
53 16 5
53 15 5
53 14 6
53 14 6
53 14 5
53 14 5
53 16 4
53 15 5
54 15 3
54 15 5
53 15 7
53 14 5
54 14 5
53 12 7
53 13 6
53 12 8
53 15 8
53 13 8
53 14 8
53 15 7
54 14 6
54 14 6
53 14 5
53 14 9
53 14 8
53 13 7
54 12 5
54 13 6
53 13 6
53 14 7
54 14 7
53 14 7
53 15 6
53 15 7
53 14 7
53 14 7
53 13 7
52 13 8
53 13 7
53 13 6
53 13 7
53 13 8
53 13 8
53 13 8
53 14 8
54 13 7
53 14 7
52 13 8
53 14 8
53 14 7
53 14 8
53 14 7
52 13 8
53 14 7
53 13 7
53 14 7
53 14 7
53 14 6
53 13 7
54 14 8
53 14 7
53 13 8
53 14 8
53 14 8
52 13 7
53 14 8
53 14 8
54 14 8
53 14 8
53 14 7
